0 0.892464 0.721516 0.896734 0.676593 0.802162 0.654289 0.797892 0.699211
0 0.80204 0.486615 0.808175 0.538417 0.902184 0.510791 0.896049 0.458989
0 0.804677 0.568975 0.805135 0.617839 0.903084 0.615562 0.902626 0.566697
0 0.900951 0.668326 0.902299 0.62191 0.803676 0.614805 0.802328 0.66122
0 0.803265 0.531907 0.807077 0.581766 0.907217 0.562769 0.903405 0.51291
0 0.882915 0.773195 0.889952 0.726584 0.798174 0.692205 0.791137 0.738815
0 0.79392 0.402008 0.80416 0.44991 0.893415 0.402569 0.883175 0.354667
0 0.830779 0.391362 0.908423 0.2552 0.693747 -0.0485368 0.616103 0.0876253
0 0.872621 0.818776 0.880708 0.776383 0.786593 0.731837 0.778506 0.77423
0 0.795201 0.450867 0.803426 0.497048 0.896637 0.45586 0.888412 0.409679
0 0.786454 0.362289 0.798609 0.406926 0.88823 0.346376 0.876076 0.30174
0 0.819559 0.98797 0.864266 0.866492 0.775271 0.785227 0.730564 0.906704
0 0.817355 0.988388 0.847614 0.915353 0.761159 0.826478 0.7309 0.899512
0 0.771109 0.326982 0.784872 0.369399 0.878696 0.293865 0.864933 0.251448
0 0.861658 0.863069 0.871157 0.825914 0.776226 0.765699 0.766728 0.802854
0 0.808656 0.977225 0.819652 0.945226 0.786199 0.916703 0.775203 0.948702
0 0.760002 0.287224 0.775516 0.327567 0.864063 0.243082 0.848549 0.202739
0 0.752661 0.288048 0.805616 0.431326 0.901516 0.343381 0.848561 0.200103
0 0.774363 0.939717 0.78641 0.913886 0.74978 0.871497 0.737733 0.897328
0 0.84384 0.906326 0.854813 0.873369 0.811358 0.837469 0.800384 0.870427
